clock_rate: 0.04492773759289036
pop_size: 1.999998
