clock_rate: 0.46940640781880233
pop_size: 1.9999988
